#Estado de la ventana
#Thu Sep 26 12:13:53 WAT 2024
location.x=600.7999877929688
location.y=192.8000030517578
size.height=237.60000610351562
size.width=334.3999938964844
